$ANSIBLE_VAULT;1.1;AES256
64353138313164323432343261626365633931303734373635316666653232383739663435306637
6565336530333931356362366135613362623233646630310a386566646563653566633236353833
65633162313938383638363466616335616264653963626537656466643564376232303332316662
3364626461663963360a643062653534333838303462373332323234666663366465626433633431
31363736353163303338613663636132326337393032386432626366623463653761353163363566
34663631373464333161383139643965373039356432663730613364333635343363323031343937
65313432373466613062353636333062646565646633646534663363333130316664646430616431
39373138313733393237326663653461613238313865323962303264663630343136356135373861
34306230323238393333643331333263343461393438353939643435633034303566303637623338
34363566396632653132626463663437373363343066373764313433656236396361343965653934
61376237623932353234363739323163616632333438663138343430623435383431343238343136
66646361653432356331306665626137613736376331356162373266663062643037646537336332
37393333613738323238626230343935366633656438626266353863326665356363373261343938
62386535623832366365646233653264393736383438653637313164363631393234616234323336
36373566633532393130623064636538353437303861653132366366316231616232353665346535
63303436323766343961323365376537373964636632326436366461653239323563366563383036
61323333343961306261626562663430616361366664623238643534363361363163646534313536
34633730356665396365653263643735326138356662636434666165313737323734363962383662
33313835383236646234663636666137623764666130613838373563643938326437343838366537
33373436363238313735303565393733336333663266366538636634343438633234643863663963
33383936613565303762393731303763356134383461303234303063323833373461666132323032
31623063643736373732626431313166653834633134346536383632396636383438396233623761
33313265343937346164313738636330323061363436356330613033633466666163363533373265
64666264323333643534326135316265393532643232363633363039343164353064356435333039
37303239616234656431636634616638613037623966346438383634383832386466373162303939
65333061643363653665636232636162663432333036356639353262326366386134343939323462
63666335643935316166663230373534663661386431326532366430633334633863643232323333
61366664366466346266636235333538666436623130366135373439386133336266373066643562
30386666633438373736396462393431363233353032363331396162626635313863643963326636
38306338623362383631363561313736633862636463386539386165323166363062376132346235
64636230663539376232666339393738376136653736623437643631646135633237656230333762
38326533623439663433303737663664613961366537383037653065393836303834346538616238
64653632316639376632653230613339623533636436323331656361623538393165363135363766
32643038346466373062393338323832643336373763343434333738313735343061646135393132
33326561333762643438376530643336363063646638343031666365363837633564303566373966
33623936353565653136306534336334333833616636343034326533393835386264616362376234
38376630386363663264363762393236613235633132383365623531313337656130313035633164
61353034393364353264643136306266363831333533336333656539303764383831663234356663
63636630346132383432623831393237343136323261323934383937383331623533353539386238
62326632303362386332613732353035306264646433376530643036623764373466363337326264
65653165313461616130333736363038333736373635383332313335656533653064633936653362
33326638323330313736303062383832386632626239396438386364313764346638623234306130
65646464613433343363666638366336383437323433373563353336656437396162316535336564
38363132616537643438316633333739643834306363636336343165643865326134653936366466
64303239623738396635323836653138303333656566303837623165303265363364303038663866
34393938643265333635303263636666333863343434623638663761623663636139643638383037
32323564323764393661313331663833656236386334373231636632323263616464633933306531
62656432353361636132313536663638346137316565373464643531343130353038613631303561
61333132643861326165386534346664656238393231663836353161633936313366643034313532
36356438653135613830376566623532653335666135376361613436613364633761383232303762
33326139633231326439656162643531323735643338623833356630376238633237396430386139
34626362636136316464306132653766623638613139303262616261383231333764366432356535
31313830386434373330313037653137626366613364376463323762363335356265363865336663
34363035346163633631313436613238316131306166303739313831623435313566643662323130
61626430313364336430376538343362373363386333333365663336613535663630323131326264
30383464393965656466376338336661326661333634323536623630346464623239633938393366
36643063666235343661393039376566666635653338393461346161333630303433333633383232
63396133656536353338303266623332613135643066323136323032616564323537313965643561
64326231643536313865643932393330613062646130656564326363366632656366303137353937
35633130393039383961313765373331353566343736393731613538326333343431633462623066
34373363346461656439343134326665333636366232313536666234376131643934383439616436
34653238643938373438333334383030613838663137333534376238393561343130666365303535
65623535356330666437343833303039643631653031336338346435313533646464383565643532
64363230346437303237336334633739656430393432396230616530616262336632373039393361
38633966653032336133336264643063613338383334376233633339626561363431656362653663
32663239303732373866343336343037393930353038626665363631623434653635333465643335
66346230333833343564353138393138613365386436313232396237343631393834376330306133
34643861316432396135363731396463666534613763343135636434396234373964343236313965
63303237383261313234353134613265623761663230343235323161666131663864356364396638
62636264616166636336366133376339346232376431313731393336346332373034643333653338
62363763323761313566643565323761356236666461356335626262343031363334393235623562
62386439623666633832386661653363303165303130623161303663613837373533343965376362
36333837303132356336636462366137346633306535646163356138613436383361383862303166
36356333643662346335346361336336366130386663646530613138356538313238363965626364
34363038316363326635303731663736303335373565653861346630653962316131663938303463
65633637343630383463656461313462643066393630343639633362653237376338363338386437
65666234343635303833363963306661633533333365343033356432633936646237346635396462
32323235383736313035653963663635396430333666363966646161383761306331356430316435
36316432663439363132323233393461376337373263373337303432366661626530356166306539
32373934393439333231393034353238663634663761663830373166643461336263303564616136
64326239646330343434373064653535616331313833376431356664323234316332313563306163
31396433313263336534353734663137306336613736646663316134643732626566343337636131
37333562323863303439366535333431316364363835303038633733363338336565646534663465
36643233316337313664373331393765343564616631626338306433323863326631613463653362
62353432666266313031653934626433633532646166313133356337353231343163646264646531
61306137666235633964643066383539396137626539343862323966383637373963326465633962
36623766343739396666363061663866343831653765336466623830396563656465636631383764
66666364383033636232333263333261613866366336333462336531316562613666316164623837
32303265613561636530333161363464626466616466613035373965626636636338643632333266
64643035353930626338646464353034383962363164313037323064333430353439326362346337
65316161326539366238373638646634366636363033373735643131623730356664323763396635
33346234303131636565633138373838303234316231343636356566613634623362613564303136
31333036326231316132613531663262666631643263313063623564393265653832616134393032
38323338306464613332393165613738303038636562663665626565376163393737326238653162
61643061666636333761316135323733346137663464646535313232666437653061383763333531
34326637613638316163346366363030666434376236363066636561636466306530303437316331
35376634616465313132316263643136623137326139643130356431633765323131396664613738
61373131323433653530323433316366323938333838633936363864653034386337626435663734
63376163616231623661303338623137626637623330363835663963636338613534626565626666
65363333333035663366363732313363383866653630316332643134623933313537393636663336
65333563623336383766653430663265353635383864323866383165366365626636663939393363
33613430373632363832306561316433616435356534333139356639356364363839623337653233
32326435633733386239313234633262346137326464623265356263633631623536666562333536
39313131343832663666393761623365333333636661643563623530386330336633613233626465
64633233653335353363636563633030383836353032326265643339333234343139653134393535
63306434653466336666373264373966323834363064393035303161326662666630643036343362
32373639386630623264656436643633363361343535643764393264343236616537346261396433
39316161343135396433346365376666383635376661396664626163336234363730323864363737
36323535386430306335656465383865343032343165393535383465373766623231333066343763
63623766663038306538653765366430396266323139653832656232333539633730653961343833
63383061346637323731636635636237663033633637346163343534626338373432313739366261
62333339656366333930613165366561626664313332646566356663346165363339363032353766
34636237633266363831646365626363353762303639393464343261303165363965326266303133
62366562303432396331393230393036366331633335326534346632356136643662383161306332
65616630333965323233363362366161663738373364373933613530643462346132633433303539
64663533346162336561623238306235613265646233636465613637356336363632353733376561
62613334373339613438323839656536323331306138313736646138626334303262363933353134
31326632386433633363393030333839646236323932346363336137356633366331366539366564
32653263396635623332653666656132623162393831353434663666633361323633333762316264
64366339623965363936366539313335376331613232636165373831303066396438323036613535
36653333666535373763643632616534393062306233643239393731396565346163643739616661
66653837386139633263356662363630353262646333313564616461303064383762313939306162
34326461616635313338653665663036623833323235616137623030623638636263396266373566
34323537636464356535303832303130343166636335663335333864376664333332376636383838
61656238303162333364316262366138396439386366623435643634363833303665373766396264
62346265613134353464666134343231353663353437353264356632316462363061373666653534
61373338323565303437613439366230386133316637653131313131366463376530306239636163
36636237663137646364653561383633313734666661373836313231376234343465643464366263
39303165323232663939623163326162333834613638366137636233663734323665653633636333
61396333353366316430653937623930656539383964613365386265636231373364373563383531
61353062333761373762623365336138326630316431303930643339353531313733626230616234
37383334383665316266303039663433396361333166626430616263616439376135643432323036
32333566636565303630303234626261373162383166343562353237656439326366653433656130
3966326138313138313331343562366139333566306630323362
